’ἶ ξ ὦ ἑ ἐ ἐ
.:§ ξε ,ἐξςΰὲωυ-Ξίέἓῡέὲελὲωτε
έὲξέέξξξέξέεεξ<<a=ci$ ιΞΞιΞΩΖωὲυξιη
ἓῇἓ ιΞ ιὲ .3 ,Ξ ,Ξ εξ ίΞ
ἷ ,Ξ :3 (Ξ ;Ξ <3 «2 νξ ιΞ
236 76 73 71 68 66 65 67 66 66 65 63 54
239 79 76 74 74 69 68 70
3 69 68 70 69 69 68 66 54
240 80 77 75 72 70 69 71
244 81 78 76 73 71 70 72
ι 71 70 72 71 71 70 68 56
242 82 79 77 74 72 71 73 72 72 74 69 57
243 83 80 78 75 73 72 74 73 73 72 70 58
244 84 81 79 76 74 73 75 74 74 73 71 59
245 85 82 80 77 75 74 76
Γ 75 74 76 75 75 74 72 60
247 87 84 82 79 77 76 78 77 77 76 74 62
248 88 85 83 80 78 77 79
) 78 77 79 78 78 77 75 63
249 89 86 84 81 79 78 80
Ι 79 78 80 79 79 78 76 64
250 90 87 85 82 80 79 81 80 80 79 77 65
251 91 88 86 83 81 80 82 81 81 80 78 66
252 92 89 87 84 82 81 83 82 82 81 79 67
253 93 90 88 85 83 82 84 83 83 82 80 68
254 94 91 89 86 84 83 85 84 84 83 81 69
255 95 92 90 87 85 84 8ύ 85 85 84 82 70
256 96 93 91 88 86 85 87 86 86 85 83 71
257 97 94 92 89 87 86 88
J 87 86 88 87 87 86 84 72
260 100 97 95 92 90 89 91 90 90 89 87 75
261 101 98 96 93 91 9O 92 91 91 90 88 76
262 102 99 97 94 92 91 93263 103 100 98 95 93 92 94
5 93 92 94 93 93 92 90 78
5 93 92 94 93 93 92 90 78
264 104 101 99 96 94 93 95
102 100 97 95 94 96 95 95 94 92 80
103 101 98 96 95 97 96 96 95 93 81
267 107 104 102 99 97 96 98 97 97 96 94 82
268 108, 105 103 100 98 97 99
0 98 97 99 98 98 97 95 83
249 109 106 104 101 99 98 100
1 99 98 100 99 99 98 96 84
270 110 107 105 102 100 99 101 100 100 99 97 85
271 111 108 106 103 101 100 102 101 101 100 98 86
272 112 109 107 104 102 101 103 102 102 101 99 87
273 113 110 108 105 103 102 104 103 103 102 100 88
274 114 111 109 106 104 103 405 4
276 116 113 111 108 406 405 407 4
278 118 115 113 110 108 107 409 408 408 407 405 93
279 119 116 114 111 109 108 110 1
1 109 108 110 109 109 108 106 94
280 120 447 445 442 110 109 111 110 110 109 107 95
281 121 118 116 113 111 110 112 111 111 110 108 96
282 122 119 117 114 112 111 113 1
4 442 444 113 112 112 111 109 97
5 113 112 114 113 113 112 1106 98
284 124 119 116 114 443 445 4
77 777 118 447 777 116 4υ2
288 123 ⁷ 118 119 118 118 117 103
289 124 119 120 119 119 118 104
290 125 120 121 120 120 119 105
291 126 121 122 4
121 122 121 121 120 106
422g 423 122 122 121 107
293 128 124 123 123 122 108
294 129 125ὴ 1
ιθ κῒὲο , ’ . nu" .
54% Ἐῗιῗιθδὲοτοῗέῧῖιίὲ⁰ἒο⁸ιζ¹ο¹¹⁰ω³ἓὲῗῖέ ἙἮΨἝἨ ἶξ
post duos Μετᾶ ταῦτα ἀνήνεγκαν τὰ ὀστᾶ αὐτοῦ.

1ιὸ5 CHRONOLOGIA TES'I‘AM. XII PATRIABCH. 4456
In":237 77 74 72 69 67 66 68 67 67 66 64 52
238 78 75 73 7O 68 67 69 68 68 67 65 53
: 70 69 74 70 70 69 67 55
246 86 83 84 78 76 75 77
3 76 75 77 76 76 75 73 61
258 98 95 93 90 88 87 89
0 88 87 89 88 88 87 85 73
259 99 96 94a 9| 89 88 90 89 89 88 86 74
6 94 93 95 94 94 93 91 79
5 404 403 405 404 404 403 404 89
275 445 442 440 407 405 404 406 405 405 404 402 90
8 406 405 407 406 106 105 103 91
277 117 114 112 409 407 406 408 407 407 406 404 92
283 123 420b 448 445 443 442 444 4
5 444 443 445 444 444 443 99
285 425d 420 447 115 444e 446 1
7 115 444e 446 445 445 444 400
286 424 448 446 447 446 446 445 404
287 122 449/ 777 118 4
292 427 4229 423 4
425k 424 424 423 409
(a) Levi anno XCIV, nupsit Jochabed Amramo. Α (e) Zahulon mortugs an._ CXIV Lat; in Greco
Item-Ep τεσσαραξοπιῷ xui-Sextith Ineple, pro tu.
(ὁ) Simeon morﬁuue ann. vit. CXX, eodem quo
ncp'ceccrzpeo'xazaexaitq». Vicissim rectius ili Greco
mortuus estJoeeph. Sun, 1, 8,_Josephi οδω _cus_t_0- 2 ᾳηηὶε post mortem Josephi, quam in Latino 32.
diebant [Egyptiigquo minus deporiarepiur in 116· Zab. 1.
bron, cumieepcliretur Simeon. Sim. 1. Ilinc etiam _ (ί) Judas__mprluus anno CXIX. Jud. 42, 26. Post
gorislat, eodem aqpo gtrumque mortuum esse, pro queqem.‘Rub. 1.
hujus auctoris rationibus. 7(ο) Anno Levi CXVIII mortuus Josephus. Lev, 4
ξε) Anno Levi CXVIII mortups Joagghus. Lev. 12. (h) Dgd) Ruben mortuus anno Vita CX V, post duos Μετά ταυ
annos α morte Josephi. Rub. 1.
