1155
ἒϐη-ε
με ..ι 23
256 76 75 71
257 77 74 72
258 78 75 75
259 79 76 74
240 80 77 75
242 82 79 77
215 85 80 78
244 84- 81 79
246 86 85 81
247 87 84 82
248 88 85 85
249 89 86 84
251 91 88 86
232 92 89 87
255 95 90 88
254 94 91 89
255 95 92 90
256 96 95 91
257 97 94 92
258 98 95 95
259 99 96 94⁸ι
260 100 97 95
261 101 98 96
262 102 99 97
265 105 100 98
264 104 101 _99
265 1ὀέ 102 100
266 ἱὸὲ 103 101
267 ibi 101 102
268 1ὀὲ 105 105
269 ίόᾇ 106 101
270 116 107 105
271 111 108 106
972 112 100 101
273 113 110 198
271 111 111 100
175 116 112 111
376 116 113 111
277 111 111 111
1⁷8 116 115 111
211 116 116 111
830 120 117 11ἕ
281 111 118 119
282 112 119 111
181 111 1201 111
281 121 ίί 119
ἓδξ 1261 189
286 ”“’ 121
287 1 22
288 125
289 124
290 125
291 126
292 127
295 1 28
294 129
124
, ἑκατοστῷ τεσσαρακοστῷ καὶ-δεκάτῳ. Inepte,_pr0 ἐκι-
τοστῷ τέσσαρεσσὶαιδεκάλεῳ. Vicissim recgiug iu_Gra_'g1
ταῦτα ἀνήνεγκαν τὰ ὀστᾶ. αὑτοῦ.

241 81 78 76
245 85 82 80
230 90 87 85
878890 89
106 105
107 106
108 107
109 108
110 109
111 110
112 111.
115 112
114 115
115 114
° 116 115
117 116
118 117
119 118
120 119
121 120
125tl 124
ι Levi anno XCIV, nupsit Jochabed Amramo.
Lev. 12.
ι» Simeon mortuus ann. vil.CXX, eodem quo
mortuus est Joseph. Sim. 1, 8. Iosephi 0662611610-
diebam Egypliifquo nginus demrlargnliii' in 116-
bron, cumvs'e'pelire'lur Simeon. Sim. 1. I-Iinc etiam
consul, eodem anno utrumque mortuum esse, pro
Iiujus aucl‘oris r§_l_i9_i_i_i_bus.
ἒ Anno Levi CXVIII mortuus Josephus. Lev. 12. ,
ά Ruben mortuus anno vita: CXXV, post duos
annos a morte Josephi. 'Rub. 1.
