ἕῗὲ ὠ ἑ ἐ ἐ ἓ . ἐ
4
237 77 74 72 69 67 66 68
238 78 75 73 70 68 67 69 68 68 67 65 53
240 80 77 75 72 70 69 74
244 84 78 76 73 74 70 72 74 74 70 68 56
242 82 79 77 74 72 74 73 72 72 74 69 57
243 83 80 78 75 73 72 74 73 73 72 70 58
244 84 84 79 76 74 73 75 74 74 73 74 59
’8 76 75 77 76 76 75 73 64
247 87 84 82 79 77 76 78 77 77 76 74 62
248 88 85 83 80 78 77 79 78 78 77 75 63
249 89 86 84 84 79 78 80
4 79 78 80 79 79 78 76 64
3 84 80 82 84 84 80 78 66
252 92 89 87 84 82 84 83 82 82 84 79 67
254 94 94 89 86 84 83 85 84 84 83 84 69
255 95 92 90 87 85 84 86 85 85 84 82 70
256 96 93 94 88 86 85 87
257 97 94 92 89 87 86 88 87 87 86 84 72
258 98 95 93 90 88 87 89 88 88 87 85 73
259 99 96 94α 94 89 88 90 89 89 88 86 74
260 400 97 95 92 90 89 94
264 404 98 96 93 94 90 92 94 9| 90 88 76
264 404 404 99 96 94 93 95 94 94 93 94 79
’7 95 94 96 95 95 94 92 80
266 406 403 404 98 96 95 97 96 96 95 93 84
267 407 404 402 99 97 96 98 97 97 96 94 82
99 98 98 97 95 83
400 99 99 98 96 84
270 440 407 405 402 400 99 404 400 400 99 97 85
44 402 404 403 402 402 404 99 87
273 443 440 408 405 403 402 404 4
’5 403 402 404 403 403 402 400 88
274 444 444 409 406 404 403 405 404 404 403 404 89
275 445 442 440 407 405 404 406 4
ι7 405 404 406 405 405 404 402 90
276 446 443 444 408 406 405 407 406 406 405 403 94
277 447 444 442 409 407 406 408 407 407 406 404 92
279 449 446 414 444 409 408 440 4
4 409 408 440 409 409 408 406 94
280 420 447 445 442 440 409 444 410 440 409 407 95
281 424 448 446 413 444 440 442 444 444 440 408 96
4 442 444 443 442 442 414 409 97
288 423 ’ 448 449 448 448 417 403
289 424 449 420 4
294 426 424 422 424 424 420 406
292 427 4229 423 4
4229 423 422 422 424 407
ί 424 423 423 422 408
. 294 429 4254 424 424 423 409
ιθῗέέἓ· . ⁷ ’ .. ,ηπ .
άτξστῷ τεσσαραξοστυῷ κα1ὶμδξκάςῳ. Ιηβρἲι pri) ἱκα-
, post duos Μετ ταυτα ἀνήνεγκαν τὰ ὀστα (κί’ννεωυ2

1155 CHRONOLOGIA TESTAM. XII PATRIARCH. 1156
35‘" ‘ia'a‘daﬂz2223§§223252§2
236 76 73 74 68 66 65 67 66 66 65 63 54
9 67 66 68 67 67 66 64 52
239 79 76 74 74 69 68 70 69 69 68 66 54
3 7O 69 74 70 70 69 67 55
245 85 82 80 77 75 74 76 75 75 74 72 60
246 86 83 84 78 76 75 77
250 90 87 85 82 80 79 84
2 80 79 84 80 80 79 77 65
254 94 88 86 83 84 80 82
253 93 90 88 85 83 82 84 83 83 82 80 68
48 86 85 87 86 86 85 83 74
262 402 99 97 94 92 94 93 92 92 94 89 77
263 403 400 98 95 93 92 94 93 93 92 90 78
265 405 402 400 97 95 94 96
ἓβὲ 192 19? 19? 199 2§
274 444 408 406 403 404 400 402 404 404 400 98 86
272 442 409 407 404 402 404 403 4
278 448 445 443 440 408 407 409 408 408 407 405 93
282 422 449 447 444 442 444 443 4
283 423 42Gb 448 445 443 442 444 4
5 443 442 444 443 443 442 4400 98
284 424 449 446 444 443 445 444 444 443 99
285 425d 420 447 445 4448 446 445 445 444 400
286 424 448 446 447 446 446 445 404
287 422 449M? μδ H7 44‘! uo «re
449 420 449 449 448 404
290 425 420 424 420 420 449 405
293 428 ί 424 4
(a) Levi anno XCIV, nupsit Jochabed Amramo. _ (ε) Zabulon mortuus an. CXIV Lat.; in Graeco
(b) Simeon moutuua ann. vit. CXX, eodem quo
mortuus 8844086911. Sim, 4, 8,7 Iosephi ossa 96240· 2 uanis post mortem Josepbi, quam in Latino 32.
diebant Egyptii,__quo minus deporiarentur in _He- Zab. 4.
bron, cum'_'sépeliretur Simeon. Sim. 4. Hinc etiam _ (f) Judasrmortuus anno CXIX. Jud. 42, 26. Post
ponstnt, eodem anuo utrumque mortuum esse, pro Rubenem. Rub. 4.
hujus auctoris rationibus. “ ⁷ Issachar mortuus anno aetat. CXXII. Issach. 7.(c) Anno Levi CXVIII mortuus Josenhua. ων. 12. Dan mortuus anno aetatis CXXV. Dan 4.
ο) gnua Levi CXVIII mortuus Joaephua. ων. 12. (ἦ) Dan mortuus anno atatis CXXV. Dan 1.
c Anno Levi CXVIII mortuus Joae hue. ων. 42.4:44.“:“1293239192.2239.258 ωυθν, post άιιοε
ua. ων. 12. ()2 Dgn mortuus anno fanti!annos α morte Josephi. Rub. 4.
