Ξ ἐ
ag: Ξ Ξ . ξ Ξ Ξ . Ξ Ξ³⁵ου Ξ ω ἐ 1E Ξ Ξ _- El Δ ε ω :2
§Z ἓξ 00 ἐξ ἓξ ΞΕ
70 69 69 68 66 54
210 80 77 75 72 70
71 70 70 69 67 55
72 71 71 70 68 56
212 82 79 77 74 72
75 72 72 71 69 57
215 85 80 78 75 :12 74 75 75 72 70 58
76 75 75 74 72 60
918 88 85 85 86 78
81 80 80 79 77 65
232 92 89 87 84 82
85 82 82 8179 67
84 85 85 82 80 68
254 94 94 89 εδ 81 85 85 81 81 85 81 69
86 85 85 84 82 70
056 96 95 94 88 86
89 88 88 87 85 75
260 166 97 95 92 90
261 161 98 96 93 91
263 165 166 98 95 95
94 95 93 92 96 78
969595949280
207 167 161 102 99 91
268 168 105 165 166 98
269 166 166 104 161 ,99
100 99 99 98 96 84
240 440 404 100 166 100
101 166 166 799 97 85
971 444 168 106 165 101
102 161 161 166 98 80
973 115 116 108 496 100
101 100 405 100 100 00
100 101 404 100 161 00
275 115 442 119 167 190
100 100 100 101 402 00
101 100 100 100 403 01
100 101 101 100 161 00
278 118 445 110 116 190 ί
100 100 108 107 165 00
110 100 100 100 400 01
444 110 110 100 ιυτ 00
8⁸1 1Ξ1 118 119 115 111
110 111 111 110 198 00
111 444 110 110 «που 00
110 115 115 111 199
286 ”” 121 118 11§
111 110 110 110 101
281 1?? 119ῐ 111
11§ 111 111 110 19ἓ
119 118 118 117 105
289 124 1 1 9
120 119 119 118 101
290 125 120
121 120 120 119 105
291 126 121
295 128
294 129
ιατρστῴ τεσσαραδεοσῖῷ χοᾳεβςκάςτῳ. Ιηεριθκρτςξ ἐκι-
τοστῷ τέσσαρεστὶαιδεκάέτγῳ. Vicissim rec44u§ iu‘Gragtp
111), ‘l.
ταῦτα ἀνήνεγκαν τὰ ὀστᾶ αὐτοῦ.

1155 CHRONOLOGIA TESTAM. ΧΠ PATRIARCH. 1156
50.:".5932" ἐ
?§§ 76 ἒξ Z1 §§ ἐξ
257 77 741 72 69 67 66 68 67 67 66 64 52
258 78 75 75 70 68
696868676555
259 79 76 74 71 69
244 84 78 76 73 71
§44 s4 84 79 76 74 73 75 71 71 75 71 59
Ξλίὲὶ 85 82 80 77 75
246 86 83 84 78 76
77 76 76 75 75 61
247 s7 84 82 79 77
78 77 77 76 74 62
79 78 78 77 75 65
249 86 >841 81 79
80 79 79 78 76 64
250 96 87 85 32 80
254 94 88 86 83 8|
82 818180 78 66
253 93 90 88 85 80
295 95 92 90 87 85
87 86 86 85 85 71
957 97 94 92 39 87 86 88 87 87 86 84 72
298 98 95 93 99 88
259 99 96 94- 94 89
99 89 89 88 86 71
919090898775
929191908876
262 402 99 97 94 92
95 92 92 9189 77
264 191 161 _99 96 94 95 95 94 94 93 94 79
205 166 402 100 67 05
266 166 165 101 98 99
97 96 96 95 93 84
98 97 97 96 94 82
499 98 98 97 95 85
972 442 409 107 161 193
493 492 492 404 99 87
271 444 III 109 496 191
276 446 115 111 168 199 ‘
277 iii 444 112 169 191 ‘
379 449 446 111 111 19? λ
280 429 447 110 442 119
281 422 449 111 111 11? 111 11? 118 112 111 109 91
380 423 420b 110 115 110
2⁸1 424 11? 116 111 112, 110 111 111 110 _99
285 423'sd 119 447 111
288 125 "' 118
122 121 121 120 106
292 127 122⁸ 125 122 122 121 107
124 125 125 122 108
1251| 124 124 125 109
ι Levi anno XCIV, nupsit Jochabed Amramo. ε Zabulon mortuus an. CXIV Lat; in Grato
“v.12. . 4 ν _
b Simeon mortuus ann. vil.CXX, eodem quo
mortuus est Joseph. Sim. 1, 8. .Iosephi 6989611616-
dieban! A‘Igyptﬁfquo njinus demrlargntﬂy in 116-
bron, cumge'pelirélur Simeon. Sim. 1. llinc etiam
consul, eodem anno utrumque mortuum esse, pro
Iiujus auctoris rationibus.
ε Ληηο Levi CXVIII mortuus Josophus. Lev. 12.
ἀ Ruben mortuus anno vitae CXXV, post duos
annos a morte Josephi. 'Rub. 1.
